-----Localization performance-----
AP_small: 0.5443839444899533
AR_small: 0.5768407938607016
F1m_small: 0.5601425940111506
AR_small_category: [0.13109512 0.4562575  0.67388877 0.4768     0.04124408 0.09704641]
    avg: 0.312721980822026
AP_large: 0.5831735170818677
AR_large: 0.6179430491235773
F1m_large: 0.6000550345453328
AR_large_category: [0.14948042 0.53522591 0.71444646 0.4984     0.07860041 0.23417722]
    avg: 0.3683884003732885
-----Counting performance-----
MAE: 161.2364729458918
MSE: 524.3474329687539
NAE: 2.228167579421683