-----Localization performance-----
AP_small: 0.6053221288515406
AR_small: 0.4965203494457578
F1m_small: 0.5455494063163564
AR_small_category: [0.0303757  0.19188325 0.45873166 0.77362222 0.55797836 0.14978903]
    avg: 0.3603967040676624
AP_large: 0.6934516028633676
AR_large: 0.5688092600062291
F1m_large: 0.6249765079115744
AR_large_category: [0.03517186 0.26333467 0.54423783 0.8166     0.60665991 0.2257384 ]
    avg: 0.4152904434607694
-----Counting performance-----
MAE: 128.71943887775552
MSE: 666.0309004247786
NAE: 0.5085771801981247
